Freq.	V(vout)
1.00000000000000e+000	9.99960523140879e-001 -6.28293726675839e-003
1.02329299228075e+000	9.99958662730735e-001 -6.42927371443295e-003
1.04712854805090e+000	9.99956714649581e-001 -6.57901792041848e-003
1.07151930523761e+000	9.99954674766327e-001 -6.73224920042884e-003
1.09647819614318e+000	9.99952538755256e-001 -6.88904871330380e-003
1.12201845430196e+000	9.99950302086866e-001 -7.04949950362817e-003
1.14815362149688e+000	9.99947960018266e-001 -7.21368654532136e-003
1.17489755493953e+000	9.99945507583133e-001 -7.38169678621823e-003
1.20226443461741e+000	9.99942939581186e-001 -7.55361919366278e-003
1.23026877081238e+000	9.99940250567173e-001 -7.72954480113628e-003
1.25892541179417e+000	9.99937434839334e-001 -7.90956675594210e-003
1.28824955169313e+000	9.99934486427327e-001 -8.09378036796964e-003
1.31825673855641e+000	9.99931399079579e-001 -8.28228315956035e-003
1.34896288259165e+000	9.99928166250047e-001 -8.47517491649895e-003
1.38038426460288e+000	9.99924781084358e-001 -8.67255774015366e-003
1.41253754462275e+000	9.99921236405292e-001 -8.87453610078922e-003
1.44543977074593e+000	9.99917524697583e-001 -9.08121689207723e-003
1.47910838816821e+000	9.99913638092014e-001 -9.29270948682838e-003
1.51356124843621e+000	9.99909568348751e-001 -9.50912579397173e-003
1.54881661891248e+000	9.99905306839904e-001 -9.73058031680632e-003
1.58489319246111e+000	9.99900844531264e-001 -9.95719021255091e-003
1.62181009735893e+000	9.99896171963185e-001 -1.01890753532179e-002
1.65958690743756e+000	9.99891279230563e-001 -1.04263583878378e-002
1.69824365246174e+000	9.99886155961876e-001 -1.06691648060606e-002
1.73780082874937e+000	9.99880791297246e-001 -1.09176230031615e-002
1.77827941003892e+000	9.99875173865460e-001 -1.11718643464777e-002
1.81970085860998e+000	9.99869291759921e-001 -1.14320232433041e-002
1.86208713666287e+000	9.99863132513463e-001 -1.16982372102747e-002
1.90546071796325e+000	9.99856683071994e-001 -1.19706469442590e-002
1.94984459975804e+000	9.99849929766888e-001 -1.22493963947998e-002
1.99526231496888e+000	9.99842858286095e-001 -1.25346328381214e-002
2.04173794466953e+000	9.99835453643888e-001 -1.28265069527366e-002
2.08929613085404e+000	9.99827700149194e-001 -1.31251728966801e-002
2.13796208950223e+000	9.99819581372439e-001 -1.34307883863968e-002
2.18776162394955e+000	9.99811080110841e-001 -1.37435147773141e-002
2.23872113856834e+000	9.99802178352076e-001 -1.40635171461253e-002
2.29086765276777e+000	9.99792857236238e-001 -1.43909643748124e-002
2.34422881531992e+000	9.99783097016023e-001 -1.47260292364372e-002
2.39883291901949e+000	9.99772877015045e-001 -1.50688884827269e-002
2.45470891568503e+000	9.99762175584202e-001 -1.54197229334825e-002
2.51188643150958e+000	9.99750970056001e-001 -1.57787175678371e-002
2.57039578276886e+000	9.99739236696747e-001 -1.61460616173896e-002
2.63026799189538e+000	9.99726950656491e-001 -1.65219486612404e-002
2.69153480392691e+000	9.99714085916648e-001 -1.69065767229548e-002
2.75422870333816e+000	9.99700615235157e-001 -1.73001483694772e-002
2.81838293126445e+000	9.99686510089089e-001 -1.77028708120212e-002
2.88403150312660e+000	9.99671740614569e-001 -1.81149560089575e-002
2.95120922666638e+000	9.99656275543901e-001 -1.85366207707208e-002
3.01995172040201e+000	9.99640082139749e-001 -1.89680868667564e-002
3.09029543251359e+000	9.99623126126266e-001 -1.94095811345256e-002
3.16227766016837e+000	9.99605371616997e-001 -1.98613355905859e-002
3.23593656929628e+000	9.99586781039442e-001 -2.03235875437625e-002
3.31131121482591e+000	9.99567315056087e-001 -2.07965797104243e-002
3.38844156139202e+000	9.99546932481785e-001 -2.12805603318748e-002
3.46736850452531e+000	9.99525590197277e-001 -2.17757832938687e-002
3.54813389233575e+000	9.99503243058708e-001 -2.22825082482574e-002
3.63078054770101e+000	9.99479843802933e-001 -2.28010007367702e-002
3.71535229097172e+000	9.99455342948440e-001 -2.33315323169281e-002
3.80189396320560e+000	9.99429688691676e-001 -2.38743806900889e-002
3.89045144994280e+000	9.99402826798566e-001 -2.44298298316152e-002
3.98107170553496e+000	9.99374700491018e-001 -2.49981701231551e-002
4.07380277804112e+000	9.99345250328181e-001 -2.55796984870177e-002
4.16869383470335e+000	9.99314414082211e-001 -2.61747185226246e-002
4.26579518801592e+000	9.99282126608311e-001 -2.67835406450101e-002
4.36515832240165e+000	9.99248319708772e-001 -2.74064822253374e-002
4.46683592150962e+000	9.99212921990759e-001 -2.80438677333937e-002
4.57088189614874e+000	9.99175858717549e-001 -2.86960288820177e-002
4.67735141287197e+000	9.99137051652934e-001 -2.93633047734071e-002
4.78630092322637e+000	9.99096418898488e-001 -3.00460420472452e-002
4.89778819368445e+000	9.99053874723367e-001 -3.07445950305767e-002
5.01187233627271e+000	9.99009329386323e-001 -3.14593258893549e-002
5.12861383991364e+000	9.98962688949582e-001 -3.21906047815681e-002
5.24807460249771e+000	9.98913855084225e-001 -3.29388100118492e-002
5.37031796370252e+000	9.98862724866704e-001 -3.37043281874521e-002
5.49540873857623e+000	9.98809190566091e-001 -3.44875543754736e-002
5.62341325190348e+000	9.98753139421677e-001 -3.52888922611796e-002
5.75439937337156e+000	9.98694453410479e-001 -3.61087543072833e-002
5.88843655355588e+000	9.98633009004228e-001 -3.69475619140065e-002
6.02559586074356e+000	9.98568676915388e-001 -3.78057455797359e-002
6.16595001861481e+000	9.98501321831721e-001 -3.86837450620704e-002
6.30957344480192e+000	9.98430802138924e-001 -3.95820095390354e-002
6.45654229034654e+000	9.98356969630823e-001 -4.05009977702155e-002
6.60693448007594e+000	9.98279669206588e-001 -4.14411782575397e-002
6.76082975391980e+000	9.98198738554448e-001 -4.24030294054234e-002
6.91830970918935e+000	9.98114007821313e-001 -4.33870396799489e-002
7.07945784384136e+000	9.98025299267740e-001 -4.43937077667361e-002
7.24435960074988e+000	9.97932426907625e-001 -4.54235427271252e-002
7.41310241300916e+000	9.97835196132000e-001 -4.64770641522618e-002
7.58577575029182e+000	9.97733403316289e-001 -4.75548023146398e-002
7.76247116628690e+000	9.97626835410358e-001 -4.86572983166195e-002
7.94328234724279e+000	9.97515269510666e-001 -4.97851042354003e-002
8.12830516164097e+000	9.97398472413813e-001 -5.09387832638851e-002
8.31763771102669e+000	9.97276200150760e-001 -5.21189098468269e-002
8.51138038202374e+000	9.97148197500955e-001 -5.33260698116020e-002
8.70963589956078e+000	9.97014197485619e-001 -5.45608604929012e-002
8.91250938133743e+000	9.96873920839384e-001 -5.58238908505762e-002
9.12010839355907e+000	9.96727075459478e-001 -5.71157815798212e-002
9.33254300796988e+000	9.96573355831635e-001 -5.84371652128046e-002
9.54992586021433e+000	9.96412442431882e-001 -5.97886862108031e-002
9.77237220955808e+000	9.96244001103341e-001 -6.11710010458168e-002
9.99999999999997e+000	9.96067682407173e-001 -6.25847782705715e-002
1.02329299228075e+001	9.95883120946765e-001 -6.40306985757329e-002
1.04712854805090e+001	9.95689934664275e-001 -6.55094548330738e-002
1.07151930523760e+001	9.95487724108610e-001 -6.70217521232452e-002
1.09647819614318e+001	9.95276071673923e-001 -6.85683077467085e-002
1.12201845430196e+001	9.95054540807711e-001 -7.01498512162811e-002
1.14815362149688e+001	9.94822675187593e-001 -7.17671242296472e-002
1.17489755493953e+001	9.94579997865840e-001 -7.34208806200653e-002
1.20226443461741e+001	9.94326010380752e-001 -7.51118862833908e-002
1.23026877081238e+001	9.94060191833984e-001 -7.68409190794017e-002
1.25892541179416e+001	9.93781997932933e-001 -7.86087687052840e-002
1.28824955169313e+001	9.93490859997330e-001 -8.04162365389930e-002
1.31825673855640e+001	9.93186183929208e-001 -8.22641354500581e-002
1.34896288259165e+001	9.92867349145452e-001 -8.41532895752442e-002
1.38038426460288e+001	9.92533707472196e-001 -8.60845340563189e-002
1.41253754462275e+001	9.92184582000358e-001 -8.80587147370041e-002
1.44543977074592e+001	9.91819265901710e-001 -9.00766878160104e-002
1.47910838816820e+001	9.91437021204918e-001 -9.21393194528662e-002
1.51356124843620e+001	9.91037077531097e-001 -9.42474853230567e-002
1.54881661891248e+001	9.90618630788531e-001 -9.64020701187841e-002
1.58489319246111e+001	9.90180841826309e-001 -9.86039669914494e-002
1.62181009735892e+001	9.89722835046772e-001 -1.00854076931733e-001
1.65958690743755e+001	9.89243696976823e-001 -1.03153308082924e-001
1.69824365246174e+001	9.88742474798306e-001 -1.05502574982922e-001
1.73780082874937e+001	9.88218174837874e-001 -1.07902797730063e-001
1.77827941003892e+001	9.87669761016954e-001 -1.10354901067722e-001
1.81970085860998e+001	9.87096153262685e-001 -1.12859813382333e-001
1.86208713666286e+001	9.86496225880948e-001 -1.15418465609248e-001
1.90546071796324e+001	9.85868805892925e-001 -1.18031790040579e-001
1.94984459975804e+001	9.85212671336917e-001 -1.20700719028896e-001
1.99526231496887e+001	9.84526549537567e-001 -1.23426183580388e-001
2.04173794466952e+001	9.83809115344958e-001 -1.26209111830837e-001
2.08929613085403e+001	9.83058989346568e-001 -1.29050427397479e-001
2.13796208950222e+001	9.82274736055475e-001 -1.31951047599561e-001
2.18776162394954e+001	9.81454862078774e-001 -1.34911881540170e-001
2.23872113856833e+001	9.80597814270700e-001 -1.37933828041657e-001
2.29086765276776e+001	9.79701977875603e-001 -1.41017773426737e-001
2.34422881531991e+001	9.78765674666543e-001 -1.44164589137174e-001
2.39883291901948e+001	9.77787161086053e-001 -1.47375129181726e-001
2.45470891568502e+001	9.76764626396349e-001 -1.50650227404904e-001
2.51188643150957e+001	9.75696190847139e-001 -1.53990694567959e-001
2.57039578276885e+001	9.74579903870063e-001 -1.57397315233400e-001
2.63026799189537e+001	9.73413742309792e-001 -1.60870844444348e-001
2.69153480392690e+001	9.72195608702818e-001 -1.64412004190009e-001
2.75422870333815e+001	9.70923329616072e-001 -1.68021479648621e-001
2.81838293126444e+001	9.69594654058711e-001 -1.71699915199397e-001
2.88403150312659e+001	9.68207251981583e-001 -1.75447910195176e-001
2.95120922666637e+001	9.66758712880268e-001 -1.79266014487843e-001
3.01995172040200e+001	9.65246544518882e-001 -1.83154723698954e-001
3.09029543251358e+001	9.63668171793331e-001 -1.87114474228560e-001
3.16227766016837e+001	9.62020935754163e-001 -1.91145637995869e-001
3.23593656929627e+001	9.60302092810730e-001 -1.95248516906178e-001
3.31131121482590e+001	9.58508814139973e-001 -1.99423337039463e-001
3.38844156139201e+001	9.56638185324795e-001 -2.03670242557125e-001
3.46736850452530e+001	9.54687206248649e-001 -2.07989289324711e-001
3.54813389233574e+001	9.52652791274689e-001 -2.12380438249932e-001
3.63078054770100e+001	9.50531769739513e-001 -2.16843548337002e-001
3.71535229097171e+001	9.48320886793247e-001 -2.21378369460335e-001
3.80189396320559e+001	9.46016804619349e-001 -2.25984534862776e-001
3.89045144994279e+001	9.43616104069173e-001 -2.30661553386099e-001
3.98107170553495e+001	9.41115286747818e-001 -2.35408801444191e-001
4.07380277804111e+001	9.38510777589246e-001 -2.40225514752440e-001
4.16869383470333e+001	9.35798927959937e-001 -2.45110779830201e-001
4.26579518801591e+001	9.32976019331439e-001 -2.50063525296875e-001
4.36515832240164e+001	9.30038267563091e-001 -2.55082512986162e-001
4.46683592150961e+001	9.26981827836805e-001 -2.60166328907376e-001
4.57088189614873e+001	9.23802800286141e-001 -2.65313374087371e-001
4.67735141287196e+001	9.20497236361833e-001 -2.70521855331618e-001
4.78630092322636e+001	9.17061145975498e-001 -2.75789775948283e-001
4.89778819368444e+001	9.13490505462312e-001 -2.81114926484742e-001
5.01187233627270e+001	9.09781266401955e-001 -2.86494875531849e-001
5.12861383991362e+001	9.05929365335079e-001 -2.91926960657388e-001
5.24807460249770e+001	9.01930734409769e-001 -2.97408279536437e-001
5.37031796370250e+001	8.97781312989051e-001 -3.02935681352836e-001
5.49540873857622e+001	8.93477060246161e-001 -3.08505758552477e-001
5.62341325190346e+001	8.89013968769238e-001 -3.14114839035672e-001
5.75439937337154e+001	8.84388079190984e-001 -3.19758978882322e-001
5.88843655355586e+001	8.79595495851879e-001 -3.25433955709859e-001
6.02559586074355e+001	8.74632403497479e-001 -3.31135262769917e-001
6.16595001861479e+001	8.69495085001279e-001 -3.36858103895242e-001
6.30957344480190e+001	8.64179940094450e-001 -3.42597389413292e-001
6.45654229034652e+001	8.58683505072602e-001 -3.48347733147257e-001
6.60693448007593e+001	8.53002473437408e-001 -3.54103450628587e-001
6.76082975391978e+001	8.47133717417665e-001 -3.59858558647411e-001
6.91830970918933e+001	8.41074310300129e-001 -3.65606776268290e-001
7.07945784384134e+001	8.34821549485284e-001 -3.71341527438386e-001
7.24435960074986e+001	8.28372980167389e-001 -3.77055945313142e-001
7.41310241300914e+001	8.21726419521578e-001 -3.82742878420782e-001
7.58577575029180e+001	8.14879981263912e-001 -3.88394898781174e-001
7.76247116628688e+001	8.07832100433088e-001 -3.94004312086750e-001
7.94328234724277e+001	8.00581558225438e-001 -3.99563170042946e-001
8.12830516164095e+001	7.93127506698013e-001 -4.05063284953112e-001
8.31763771102667e+001	7.85469493138419e-001 -4.10496246617791e-001
8.51138038202372e+001	7.77607483884851e-001 -4.15853441600670e-001
8.70963589956076e+001	7.69541887365978e-001 -4.21126074893477e-001
8.91250938133741e+001	7.61273576118187e-001 -4.26305193989487e-001
9.12010839355905e+001	7.52803907527788e-001 -4.31381715350433e-001
9.33254300796986e+001	7.44134743038324e-001 -4.36346453224512e-001
9.54992586021431e+001	7.35268465558702e-001 -4.41190150744159e-001
9.77237220955805e+001	7.26207994806692e-001 -4.45903513201607e-001
9.99999999999995e+001	7.16956800324900e-001 -4.50477243368388e-001
1.02329299228075e+002	7.07518911912815e-001 -4.54902078692240e-001
1.04712854805089e+002	6.97898927229312e-001 -4.59168830171961e-001
1.07151930523760e+002	6.88102016335158e-001 -4.63268422678093e-001
1.09647819614318e+002	6.78133922964774e-001 -4.67191936455650e-001
1.12201845430196e+002	6.68000962340773e-001 -4.70930649514952e-001
1.14815362149688e+002	6.57710015373427e-001 -4.74476080588804e-001
1.17489755493952e+002	6.47268519120219e-001 -4.77820032309381e-001
1.20226443461741e+002	6.36684453417442e-001 -4.80954634236926e-001
1.23026877081237e+002	6.25966323636216e-001 -4.83872385355453e-001
1.25892541179416e+002	6.15123139558604e-001 -4.86566195638548e-001
1.28824955169313e+002	6.04164390415178e-001 -4.89029426281726e-001
1.31825673855640e+002	5.93100016172602e-001 -4.91255928196965e-001
1.34896288259165e+002	5.81940375207799e-001 -4.93240078370366e-001
1.38038426460288e+002	5.70696208553123e-001 -4.94976813695564e-001
1.41253754462275e+002	5.59378600943747e-001 -4.96461661913549e-001
1.44543977074592e+002	5.47998938943320e-001 -4.97690769313954e-001
1.47910838816820e+002	5.36568866465781e-001 -4.98660924883240e-001
1.51356124843620e+002	5.25100238049290e-001 -4.99369580621276e-001
1.54881661891247e+002	5.13605070271602e-001 -4.99814867788969e-001
1.58489319246110e+002	5.02095491724175e-001 -4.99995608895152e-001
1.62181009735892e+002	4.90583691984176e-001 -4.99911325280145e-001
1.65958690743755e+002	4.79081870038947e-001 -4.99562240205295e-001
1.69824365246173e+002	4.67602182625842e-001 -4.98949277411433e-001
1.73780082874936e+002	4.56156692951712e-001 -4.98074055163556e-001
1.77827941003891e+002	4.44757320250426e-001 -4.96938875853043e-001
1.81970085860997e+002	4.33415790623998e-001 -4.95546711281361e-001
1.86208713666286e+002	4.22143589593289e-001 -4.93901183799535e-001
1.90546071796323e+002	4.10951916758466e-001 -4.92006543524584e-001
1.94984459975803e+002	3.99851642937897e-001 -4.89867641897035e-001
1.99526231496887e+002	3.88853270117725e-001 -4.87489901881543e-001
2.04173794466952e+002	3.77966894503787e-001 -4.84879285145231e-001
2.08929613085403e+002	3.67202172923687e-001 -4.82042256574888e-001
2.13796208950222e+002	3.56568292780671e-001 -4.78985746514600e-001
2.18776162394954e+002	3.46073945713322e-001 -4.75717111119344e-001
2.23872113856832e+002	3.35727305067101e-001 -4.72244091227707e-001
2.29086765276776e+002	3.25536007236115e-001 -4.68574770158278e-001
2.34422881531991e+002	3.15507136887197e-001 -4.64717530829686e-001
2.39883291901947e+002	3.05647216034108e-001 -4.60681012594081e-001
2.45470891568501e+002	2.95962196888186e-001 -4.56474068158646e-001
2.51188643150956e+002	2.86457458373512e-001 -4.52105720949978e-001
2.57039578276885e+002	2.77137806160335e-001 -4.47585123252518e-001
2.63026799189536e+002	2.68007476040148e-001 -4.42921515425405e-001
2.69153480392690e+002	2.59070140440015e-001 -4.38124186472746e-001
2.75422870333815e+002	2.50328917852318e-001 -4.33202436211069e-001
2.81838293126443e+002	2.41786384939317e-001 -4.28165539245388e-001
2.88403150312659e+002	2.33444591059547e-001 -4.23022710932390e-001
2.95120922666637e+002	2.25305074955045e-001 -4.17783075476433e-001
3.01995172040200e+002	2.17368883334441e-001 -4.12455636271805e-001
3.09029543251357e+002	2.09636591086798e-001 -4.07049248573566e-001
3.16227766016836e+002	2.02108322864380e-001 -4.01572594549638e-001
3.23593656929626e+002	1.94783775778909e-001 -3.96034160738970e-001
3.31131121482589e+002	1.87662242964945e-001 -3.90442217914906e-001
3.38844156139200e+002	1.80742637775413e-001 -3.84804803329427e-001
3.46736850452529e+002	1.74023518387502e-001 -3.79129705292973e-001
3.54813389233573e+002	1.67503112611948e-001 -3.73424450026049e-001
3.63078054770099e+002	1.61179342714530e-001 -3.67696290702860e-001
3.71535229097170e+002	1.55049850075224e-001 -3.61952198593785e-001
3.80189396320558e+002	1.49112019527495e-001 -3.56198856202441e-001
3.89045144994278e+002	1.43363003237372e-001 -3.50442652284412e-001
3.98107170553494e+002	1.37799743998986e-001 -3.44689678628183e-001
4.07380277804110e+002	1.32418997839937e-001 -3.38945728474344e-001
4.16869383470332e+002	1.27217355845976e-001 -3.33216296446519e-001
4.26579518801589e+002	1.22191265129918e-001 -3.27506579866525e-001
4.36515832240163e+002	1.17337048884272e-001 -3.21821481326841e-001
4.46683592150960e+002	1.12650925470723e-001 -3.16165612395328e-001
4.57088189614872e+002	1.08129026512251e-001 -3.10543298330143e-001
4.67735141287195e+002	1.03767413965262e-001 -3.04958583686742e-001
4.78630092322635e+002	9.95620961596230e-002 -2.99415238703585e-001
4.89778819368443e+002	9.55090428039816e-002 -2.93916766358520e-001
5.01187233627268e+002	9.16041989621089e-002 -2.88466409993641e-001
5.12861383991361e+002	8.78434980134255e-002 -2.83067161412607e-001
5.24807460249769e+002	8.42228736172328e-002 -2.77721769360791e-001
5.37031796370249e+002	8.07382707056371e-002 -2.72432748305156e-001
5.49540873857620e+002	7.73856555347330e-002 -2.67202387437299e-001
5.62341325190345e+002	7.41610248273608e-002 -2.62032759829599e-001
5.75439937337152e+002	7.10604140437606e-002 -2.56925731680752e-001
5.88843655355584e+002	6.80799048187499e-002 -2.51882971593198e-001
6.02559586074353e+002	6.52156316057404e-002 -2.46905959830873e-001
6.16595001861477e+002	6.24637875690303e-002 -2.41995997511449e-001
6.30957344480188e+002	5.98206297664344e-002 -2.37154215692620e-001
6.45654229034650e+002	5.72824836645003e-002 -2.32381584317102e-001
6.60693448007591e+002	5.48457470283627e-002 -2.27678920985812e-001
6.76082975391976e+002	5.25068932277638e-002 -2.23046899533107e-001
6.91830970918931e+002	5.02624739999654e-002 -2.18486058382150e-001
7.07945784384132e+002	4.81091217092395e-002 -2.13996808662197e-001
7.24435960074984e+002	4.60435511414007e-002 -2.09579442073143e-001
7.41310241300911e+002	4.40625608704611e-002 -2.05234138485774e-001
7.58577575029177e+002	4.21630342329883e-002 -2.00960973269081e-001
7.76247116628685e+002	4.03419399441642e-002 -1.96759924338534e-001
7.94328234724275e+002	3.85963323878875e-002 -1.92630878921556e-001
8.12830516164092e+002	3.69233516115820e-002 -1.88573640038446e-001
8.31763771102664e+002	3.53202230546651e-002 -1.84587932698846e-001
8.51138038202369e+002	3.37842570379324e-002 -1.80673409815411e-001
8.70963589956073e+002	3.23128480394237e-002 -1.76829657837719e-001
8.91250938133738e+002	3.09034737806795e-002 -1.73056202110662e-001
9.12010839355902e+002	2.95536941456779e-002 -1.69352511962538e-001
9.33254300796983e+002	2.82611499531673e-002 -1.65718005528946e-001
9.54992586021428e+002	2.70235616015969e-002 -1.62152054319276e-001
9.77237220955802e+002	2.58387276043827e-002 -1.58653987533151e-001
9.99999999999991e+002	2.47045230318581e-002 -1.55223096134649e-001
1.02329299228075e+003	2.36188978749236e-002 -1.51858636692476e-001
1.04712854805089e+003	2.25798753441517e-002 -1.48559834994504e-001
1.07151930523760e+003	2.15855501169084e-002 -1.45325889445270e-001
1.09647819614318e+003	2.06340865439282e-002 -1.42155974255132e-001
1.12201845430195e+003	1.97237168257214e-002 -1.39049242429796e-001
1.14815362149687e+003	1.88527391682025e-002 -1.36004828568909e-001
1.17489755493952e+003	1.80195159260017e-002 -1.33021851482357e-001
1.20226443461740e+003	1.72224717410574e-002 -1.30099416632765e-001
1.23026877081237e+003	1.64600916832880e-002 -1.27236618412569e-001
1.25892541179416e+003	1.57309193993932e-002 -1.24432542263843e-001
1.28824955169312e+003	1.50335552751497e-002 -1.21686266648865e-001
1.31825673855640e+003	1.43666546159295e-002 -1.18996864879189e-001
1.34896288259164e+003	1.37289258495838e-002 -1.16363406810734e-001
1.38038426460287e+003	1.31191287552989e-002 -1.13784960412177e-001
1.41253754462274e+003	1.25360727215368e-002 -1.11260593213667e-001
1.44543977074591e+003	1.19786150357254e-002 -1.08789373642609e-001
1.47910838816819e+003	1.14456592079491e-002 -1.06370372253013e-001
1.51356124843619e+003	1.09361533305211e-002 -1.04002662854623e-001
1.54881661891247e+003	1.04490884749753e-002 -1.01685323547784e-001
1.58489319246110e+003	9.98349712771313e-003 -9.94174376697271e-002
1.62181009735891e+003	9.53845166526019e-003 -9.71980946577127e-002
1.65958690743754e+003	9.11306286984054e-003 -9.50263908341829e-002
1.69824365246173e+003	8.70647848575162e-003 -9.29014301188564e-002
1.73780082874936e+003	8.31788181682309e-003 -9.08223246724309e-002
1.77827941003891e+003	7.94649036506466e-003 -8.87881954763278e-002
1.81970085860997e+003	7.59155451044958e-003 -8.67981728526842e-002
1.86208713666285e+003	7.25235623164059e-003 -8.48513969285714e-002
1.90546071796323e+003	6.92820786734218e-003 -8.29470180482040e-002
1.94984459975803e+003	6.61845091785511e-003 -8.10841971366989e-002
1.99526231496886e+003	6.32245488631582e-003 -7.92621060187421e-002
2.04173794466951e+003	6.03961615902219e-003 -7.74799276953320e-002
2.08929613085402e+003	5.76935692417811e-003 -7.57368565815848e-002
2.13796208950221e+003	5.51112412833049e-003 -7.40320987084158e-002
2.18776162394953e+003	5.26438846972322e-003 -7.23648718907390e-002
2.23872113856832e+003	5.02864342775226e-003 -7.07344058646765e-002
2.29086765276775e+003	4.80340432767271e-003 -6.91399423961114e-002
2.34422881531990e+003	4.58820743968375e-003 -6.75807353627806e-002
2.39883291901947e+003	4.38260911149691e-003 -6.60560508119637e-002
2.45470891568501e+003	4.18618493347988e-003 -6.45651669956997e-002
2.51188643150955e+003	3.99852893545877e-003 -6.31073743853368e-002
2.57039578276884e+003	3.81925281425712e-003 -6.16819756671097e-002
2.63026799189535e+003	3.64798519104972e-003 -6.02882857203254e-002
2.69153480392689e+003	3.48437089761161e-003 -5.89256315796402e-002
2.75422870333814e+003	3.32807029054911e-003 -5.75933523828078e-002
2.81838293126442e+003	3.17875859260754e-003 -5.62907993051926e-002
2.88403150312658e+003	3.03612526016191e-003 -5.50173354822506e-002
2.95120922666635e+003	2.89987337600887e-003 -5.37723359211034e-002
3.01995172040198e+003	2.76971906659338e-003 -5.25551874022492e-002
3.09029543251356e+003	2.64539094281902e-003 -5.13652883723889e-002
3.16227766016835e+003	2.52662956360824e-003 -5.02020488292713e-002
3.23593656929625e+003	2.41318692139698e-003 -4.90648901994021e-002
3.31131121482588e+003	2.30482594876699e-003 -4.79532452094004e-002
3.38844156139199e+003	2.20132004543860e-003 -4.68665577517290e-002
3.46736850452528e+003	2.10245262486724e-003 -4.58042827454751e-002
3.54813389233572e+003	2.00801667970682e-003 -4.47658859928053e-002
3.63078054770097e+003	1.91781436542419e-003 -4.37508440316752e-002
3.71535229097168e+003	1.83165660136959e-003 -4.27586439853306e-002
3.80189396320557e+003	1.74936268862854e-003 -4.17887834090940e-002
3.89045144994276e+003	1.67075994400194e-003 -4.08407701348966e-002
3.98107170553493e+003	1.59568334948120e-003 -3.99141221139760e-002
4.07380277804108e+003	1.52397521660610e-003 -3.90083672581315e-002
4.16869383470331e+003	1.45548486511317e-003 -3.81230432798930e-002
4.26579518801588e+003	1.39006831530237e-003 -3.72576975319350e-002
4.36515832240161e+003	1.32758799356936e-003 -3.64118868460382e-002
4.46683592150958e+003	1.26791245057009e-003 -3.55851773718746e-002
4.57088189614870e+003	1.21091609150315e-003 -3.47771444158731e-002
4.67735141287193e+003	1.15647891801400e-003 -3.39873722803955e-002
4.78630092322633e+003	1.10448628124293e-003 -3.32154541034362e-002
4.89778819368441e+003	1.05482864555656e-003 -3.24609916990389e-002
5.01187233627267e+003	1.00740136251957e-003 -3.17235953986045e-002
5.12861383991359e+003	9.62104454680131e-004 -3.10028838932512e-002
5.24807460249767e+003	9.18842408758702e-004 -3.02984840773688e-002
5.37031796370247e+003	8.77523977845625e-004 -2.96100308934984e-002
5.49540873857618e+003	8.38061992228185e-004 -2.89371671786539e-002
5.62341325190343e+003	8.00373178482610e-004 -2.82795435121887e-002
5.75439937337150e+003	7.64377986480822e-004 -2.76368180653020e-002
5.88843655355582e+003	7.30000423975590e-004 -2.70086564522670e-002
6.02559586074351e+003	6.97167898441176e-004 -2.63947315834535e-002
6.16595001861475e+003	6.65811065859474e-004 -2.57947235202096e-002
6.30957344480186e+003	6.35863686154185e-004 -2.52083193316575e-002
6.45654229034648e+003	6.07262484987611e-004 -2.46352129534522e-002
6.60693448007588e+003	5.79947021646306e-004 -2.40751050485432e-002
6.76082975391974e+003	5.53859562753046e-004 -2.35277028699742e-002
6.91830970918928e+003	5.28944961553372e-004 -2.29927201257489e-002
7.07945784384129e+003	5.05150542535399e-004 -2.24698768457857e-002
7.24435960074981e+003	4.82425991151585e-004 -2.19588992509790e-002
7.41310241300908e+003	4.60723248420813e-004 -2.14595196243806e-002
7.58577575029174e+003	4.39996410198418e-004 -2.09714761845091e-002
7.76247116628682e+003	4.20201630910698e-004 -2.04945129607922e-002
7.94328234724272e+003	4.01297031559040e-004 -2.00283796711442e-002
8.12830516164089e+003	3.83242611807032e-004 -1.95728316016750e-002
8.31763771102661e+003	3.66000165971821e-004 -1.91276294885260e-002
8.51138038202366e+003	3.49533202748629e-004 -1.86925394018257e-002
8.70963589956070e+003	3.33806868504578e-004 -1.82673326317533e-002
8.91250938133734e+003	3.18787873985040e-004 -1.78517855766990e-002
9.12010839355898e+003	3.04444424282383e-004 -1.74456796335054e-002
9.33254300796979e+003	2.90746151923514e-004 -1.70488010897733e-002
9.54992586021424e+003	2.77664052938718e-004 -1.66609410182145e-002
9.77237220955798e+003	2.65170425780300e-004 -1.62818951730316e-002
9.99999999999987e+003	2.53238812965166e-004 -1.59114638883031e-002
1.02329299228074e+004	2.41843945320980e-004 -1.55494519783526e-002
1.04712854805089e+004	2.30961688720701e-004 -1.51956686400778e-002
1.07151930523759e+004	2.20568993195372e-004 -1.48499273572167e-002
1.09647819614317e+004	2.10643844319787e-004 -1.45120458065235e-002
1.12201845430195e+004	2.01165216770269e-004 -1.41818457658314e-002
1.14815362149687e+004	1.92113029958195e-004 -1.38591530239736e-002
1.17489755493951e+004	1.83468105647124e-004 -1.35437972925370e-002
1.20226443461740e+004	1.75212127465399e-004 -1.32356121194219e-002
1.23026877081237e+004	1.67327602229993e-004 -1.29344348041778e-002
1.25892541179415e+004	1.59797823001022e-004 -1.26401063150903e-002
1.28824955169312e+004	1.52606833789933e-004 -1.23524712079897e-002
1.31825673855639e+004	1.45739395847734e-004 -1.20713775467521e-002
1.34896288259164e+004	1.39180955462891e-004 -1.17966768254677e-002
1.38038426460287e+004	1.32917613201615e-004 -1.15282238922444e-002
1.41253754462274e+004	1.26936094526218e-004 -1.12658768746212e-002
1.44543977074591e+004	1.21223721730099e-004 -1.10094971065616e-002
1.47910838816819e+004	1.15768387130581e-004 -1.07589490570000e-002
1.51356124843619e+004	1.10558527463465e-004 -1.05141002599115e-002
1.54881661891246e+004	1.05583099425641e-004 -1.02748212458785e-002
1.58489319246109e+004	1.00831556314452e-004 -1.00409854751266e-002
1.62181009735891e+004	9.62938257148241e-005 -9.81246927200046e-003
1.65958690743754e+004	9.19602881873080e-005 -9.58915176085479e-003
1.69824365246172e+004	8.78217569122833e-005 -9.37091480333143e-003
1.73780082874935e+004	8.38694582475583e-005 -9.15764293699703e-003
1.77827941003890e+004	8.00950131584974e-005 -8.94922331531427e-003
1.81970085860996e+004	7.64904194816281e-005 -8.74554564892069e-003
1.86208713666284e+004	7.30480349844176e-005 -8.54650214818920e-003
1.90546071796322e+004	6.97605611855701e-005 -8.35198746704479e-003
1.94984459975802e+004	6.66210279017840e-005 -8.16189864801232e-003
1.99526231496885e+004	6.36227784884265e-005 -7.97613506847044e-003
2.04173794466950e+004	6.07594557430343e-005 -7.79459838808723e-003
2.08929613085401e+004	5.80249884419360e-005 -7.61719249741349e-003
2.13796208950220e+004	5.54135784816184e-005 -7.44382346760979e-003
2.18776162394952e+004	5.29196885977231e-005 -7.27439950128406e-003
2.23872113856831e+004	5.05380306357750e-005 -7.10883088441654e-003
2.29086765276774e+004	4.82635543488976e-005 -6.94702993934956e-003
2.34422881531989e+004	4.60914366988777e-005 -6.78891097881986e-003
2.39883291901946e+004	4.40170716379993e-005 -6.63439026101146e-003
2.45470891568500e+004	4.20360603500745e-005 -6.48338594560780e-003
2.51188643150954e+004	4.01442019300662e-005 -6.33581805082166e-003
2.57039578276883e+004	3.83374844826183e-005 -6.19160841138244e-003
2.63026799189534e+004	3.66120766206900e-005 -6.05068063746018e-003
2.69153480392688e+004	3.49643193463337e-005 -5.91296007450637e-003
2.75422870333813e+004	3.33907182964585e-005 -5.77837376399192e-003
2.81838293126441e+004	3.18879363371918e-005 -5.64685040502295e-003
2.88403150312656e+004	3.04527864911845e-005 -5.51832031681556e-003
2.95120922666634e+004	2.90822251829067e-005 -5.39271540201086e-003
3.01995172040197e+004	2.77733457876515e-005 -5.26996911081225e-003
3.09029543251354e+004	2.65233724706041e-005 -5.15001640592697e-003
3.16227766016833e+004	2.53296543029464e-005 -5.03279372829438e-003
3.23593656929623e+004	2.41896596425497e-005 -4.91823896358402e-003
3.31131121482586e+004	2.31009707673678e-005 -4.80629140944631e-003
3.38844156139197e+004	2.20612787501756e-005 -4.69689174349968e-003
3.46736850452526e+004	2.10683785638077e-005 -4.58998199203792e-003
3.54813389233570e+004	2.01201644065379e-005 -4.48550549944174e-003
3.63078054770096e+004	1.92146252377062e-005 -4.38340689827937e-003
3.71535229097167e+004	1.83498405141427e-005 -4.28363208008062e-003
3.80189396320555e+004	1.75239761183636e-005 -4.18612816676993e-003
3.89045144994275e+004	1.67352804699177e-005 -4.09084348274354e-003
3.98107170553491e+004	1.59820808116510e-005 -3.99772752757662e-003
4.07380277804107e+004	1.52627796630246e-005 -3.90673094934647e-003
4.16869383470329e+004	1.45758514329770e-005 -3.81780551855802e-003
4.26579518801586e+004	1.39198391851551e-005 -3.73090410265825e-003
4.36515832240159e+004	1.32933515486649e-005 -3.64598064112654e-003
4.46683592150956e+004	1.26950597677979e-005 -3.56299012112795e-003
4.57088189614868e+004	1.21236948844835e-005 -3.48188855371705e-003
4.67735141287191e+004	1.15780450474993e-005 -3.40263295057991e-003
4.78630092322631e+004	1.10569529427386e-005 -3.32518130130227e-003
4.89778819368439e+004	1.05593133390913e-005 -3.24949255115211e-003
5.01187233627264e+004	1.00840707447377e-005 -3.17552657936521e-003
5.12861383991357e+004	9.63021716889074e-006 -3.10324417792220e-003
5.24807460249764e+004	9.19678998424245e-006 -3.03260703080640e-003
5.37031796370244e+004	8.78286988558604e-006 -2.96357769373145e-003
5.49540873857616e+004	8.38757894028742e-006 -2.89611957432820e-003
5.62341325190340e+004	8.01007872647467e-006 -2.83019691278071e-003
5.75439937337148e+004	7.64956855499970e-006 -2.76577476290110e-003
5.88843655355580e+004	7.30528377140384e-006 -2.70281897363343e-003
6.02559586074348e+004	6.97649413428836e-006 -2.64129617097704e-003
6.16595001861472e+004	6.66250226665289e-006 -2.58117374031979e-003
6.30957344480183e+004	6.36264217691912e-006 -2.52241980917207e-003
6.45654229034645e+004	6.07627784650486e-006 -2.46500323029249e-003
6.60693448007586e+004	5.80280188095449e-006 -2.40889356519644e-003
6.76082975391971e+004	5.54163422176644e-006 -2.35406106803893e-003
6.91830970918925e+004	5.29222091618692e-006 -2.30047666986316e-003
7.07945784384127e+004	5.05403294236203e-006 -2.24811196320669e-003
7.24435960074979e+004	4.82656508735755e-006 -2.19693918705708e-003
7.41310241300906e+004	4.60933487566777e-006 -2.14693121214905e-003
7.58577575029172e+004	4.40188154594176e-006 -2.09806152659559e-003
7.76247116628679e+004	4.20376507375757e-006 -2.05030422184533e-003
7.94328234724269e+004	4.01456523837246e-006 -2.00363397895883e-003
8.12830516164086e+004	3.83388073147058e-006 -1.95802605519669e-003
8.31763771102658e+004	3.66132830601824e-006 -1.91345627091221e-003
8.51138038202363e+004	3.49654196342222e-006 -1.86990099674194e-003
8.70963589956067e+004	3.33917217726762e-006 -1.82733714108721e-003
8.91250938133731e+004	3.18888515198923e-006 -1.78574213788014e-003
9.12010839355895e+004	3.04536211490450e-006 -1.74509393462762e-003
9.33254300796976e+004	2.90829864010704e-006 -1.70537098072708e-003
9.54992586021420e+004	2.77740400278674e-006 -1.66655221604778e-003
9.77237220955795e+004	2.65240056260767e-006 -1.62861705977155e-003
1.00000000000000e+005	2.53302317483579e-006 -1.59154539948736e-003
