Freq.	V(n002)
1.00000000000000e+000	9.98460248802205e-001 -3.92094422817305e-002
1.02329299228075e+000	9.98387799555214e-001 -4.01198361725388e-002
1.04712854805090e+000	9.98311947148465e-001 -4.10512281071539e-002
1.07151930523761e+000	9.98232532280282e-001 -4.20040923908403e-002
1.09647819614318e+000	9.98149388245529e-001 -4.29789133250856e-002
1.12201845430196e+000	9.98062340596687e-001 -4.39761853660548e-002
1.14815362149688e+000	9.97971206789910e-001 -4.49964132815158e-002
1.17489755493953e+000	9.97875795815448e-001 -4.60401123058415e-002
1.20226443461741e+000	9.97775907811801e-001 -4.71078082926551e-002
1.23026877081238e+000	9.97671333662936e-001 -4.82000378646562e-002
1.25892541179417e+000	9.97561854577900e-001 -4.93173485601194e-002
1.28824955169313e+000	9.97447241652118e-001 -5.04602989755227e-002
1.31825673855641e+000	9.97327255409665e-001 -5.16294589037142e-002
1.34896288259165e+000	9.97201645325763e-001 -5.28254094669822e-002
1.38038426460288e+000	9.97070149328751e-001 -5.40487432443413e-002
1.41253754462275e+000	9.96932493280735e-001 -5.53000643922947e-002
1.44543977074593e+000	9.96788390436122e-001 -5.65799887582772e-002
1.47910838816821e+000	9.96637540877225e-001 -5.78891439859206e-002
1.51356124843621e+000	9.96479630926088e-001 -5.92281696112202e-002
1.54881661891248e+000	9.96314332531690e-001 -6.05977171486120e-002
1.58489319246111e+000	9.96141302631646e-001 -6.19984501658968e-002
1.62181009735893e+000	9.95960182487531e-001 -6.34310443468710e-002
1.65958690743756e+000	9.95770596992920e-001 -6.48961875404393e-002
1.69824365246174e+000	9.95572153953245e-001 -6.63945797948979e-002
1.73780082874937e+000	9.95364443336554e-001 -6.79269333759860e-002
1.77827941003892e+000	9.95147036494243e-001 -6.94939727672006e-002
1.81970085860998e+000	9.94919485350849e-001 -7.10964346507680e-002
1.86208713666287e+000	9.94681321561975e-001 -7.27350678675564e-002
1.90546071796325e+000	9.94432055639440e-001 -7.44106333540924e-002
1.94984459975804e+000	9.94171176042742e-001 -7.61239040547258e-002
1.99526231496888e+000	9.93898148235940e-001 -7.78756648068534e-002
2.04173794466953e+000	9.93612413709100e-001 -7.96667121969779e-002
2.08929613085404e+000	9.93313388963450e-001 -8.14978543852296e-002
2.13796208950223e+000	9.93000464459438e-001 -8.33699108958312e-002
2.18776162394955e+000	9.92673003526935e-001 -8.52837123708206e-002
2.23872113856834e+000	9.92330341236862e-001 -8.72401002841843e-002
2.29086765276777e+000	9.91971783233591e-001 -8.92399266133726e-002
2.34422881531992e+000	9.91596604527535e-001 -9.12840534649882e-002
2.39883291901949e+000	9.91204048247433e-001 -9.33733526512443e-002
2.45470891568503e+000	9.90793324351935e-001 -9.55087052135892e-002
2.51188643150958e+000	9.90363608300179e-001 -9.76910008896845e-002
2.57039578276886e+000	9.89914039681215e-001 -9.99211375197091e-002
2.63026799189538e+000	9.89443720802246e-001 -1.02200020387732e-001
2.69153480392691e+000	9.88951715235834e-001 -1.04528561493671e-001
2.75422870333816e+000	9.88437046326393e-001 -1.06907678751103e-001
2.81838293126445e+000	9.87898695656507e-001 -1.09338295105963e-001
2.88403150312660e+000	9.87335601473825e-001 -1.11821337570899e-001
2.95120922666638e+000	9.86746657079553e-001 -1.14357736169792e-001
3.01995172040201e+000	9.86130709179847e-001 -1.16948422786711e-001
3.09029543251359e+000	9.85486556201709e-001 -1.19594329913274e-001
3.16227766016837e+000	9.84812946575360e-001 -1.22296389288145e-001
3.23593656929628e+000	9.84108576985416e-001 -1.25055530422110e-001
3.31131121482591e+000	9.83372090593645e-001 -1.27872679001925e-001
3.38844156139202e+000	9.82602075236501e-001 -1.30748755165861e-001
3.46736850452531e+000	9.81797061601191e-001 -1.33684671643605e-001
3.54813389233575e+000	9.80955521384506e-001 -1.36681331752943e-001
3.63078054770101e+000	9.80075865439320e-001 -1.39739627245417e-001
3.71535229097172e+000	9.79156441914239e-001 -1.42860435992918e-001
3.80189396320560e+000	9.78195534392635e-001 -1.46044619506992e-001
3.89045144994280e+000	9.77191360038026e-001 -1.49293020282459e-001
3.98107170553496e+000	9.76142067753590e-001 -1.52606458956807e-001
4.07380277804112e+000	9.75045736364479e-001 -1.55985731276709e-001
4.16869383470335e+000	9.73900372832540e-001 -1.59431604862963e-001
4.26579518801592e+000	9.72703910514041e-001 -1.62944815765133e-001
4.36515832240165e+000	9.71454207472107e-001 -1.66526064797218e-001
4.46683592150962e+000	9.70149044856661e-001 -1.70176013645781e-001
4.57088189614874e+000	9.68786125365928e-001 -1.73895280742175e-001
4.67735141287197e+000	9.67363071804794e-001 -1.77684436890761e-001
4.78630092322637e+000	9.65877425756676e-001 -1.81544000645389e-001
4.89778819368445e+000	9.64326646386972e-001 -1.85474433426895e-001
5.01187233627271e+000	9.62708109397618e-001 -1.89476134374971e-001
5.12861383991364e+000	9.61019106153816e-001 -1.93549434928487e-001
5.24807460249771e+000	9.59256843005589e-001 -1.97694593129249e-001
5.37031796370252e+000	9.57418440828434e-001 -2.01911787645210e-001
5.49540873857623e+000	9.55500934809012e-001 -2.06201111510380e-001
5.62341325190348e+000	9.53501274503522e-001 -2.10562565580119e-001
5.75439937337156e+000	9.51416324198080e-001 -2.14996051702105e-001
5.88843655355588e+000	9.49242863602164e-001 -2.19501365605153e-001
6.02559586074356e+000	9.46977588907821e-001 -2.24078189510159e-001
6.16595001861481e+000	9.44617114249009e-001 -2.28726084469794e-001
6.30957344480192e+000	9.42157973596996e-001 -2.33444482446251e-001
6.45654229034654e+000	9.39596623129217e-001 -2.38232678139228e-001
6.60693448007594e+000	9.36929444110337e-001 -2.43089820579621e-001
6.76082975391980e+000	9.34152746325466e-001 -2.48014904507886e-001
6.91830970918935e+000	9.31262772106447e-001 -2.53006761559968e-001
7.07945784384136e+000	9.28255700992890e-001 -2.58064051287831e-001
7.24435960074988e+000	9.25127655070075e-001 -2.63185252046195e-001
7.41310241300916e+000	9.21874705025973e-001 -2.68368651781925e-001
7.58577575029182e+000	9.18492876969343e-001 -2.73612338767685e-001
7.76247116628690e+000	9.14978160050132e-001 -2.78914192326972e-001
7.94328234724279e+000	9.11326514922176e-001 -2.84271873603381e-001
8.12830516164097e+000	9.07533883086361e-001 -2.89682816432996e-001
8.31763771102669e+000	9.03596197149954e-001 -2.95144218385004e-001
8.51138038202374e+000	8.99509392034664e-001 -3.00653032042075e-001
8.70963589956078e+000	8.95269417162019e-001 -3.06205956598492e-001
8.91250938133743e+000	8.90872249639926e-001 -3.11799429860645e-001
9.12010839355907e+000	8.86313908468586e-001 -3.17429620740921e-001
9.33254300796988e+000	8.81590469777343e-001 -3.23092422342442e-001
9.54992586021433e+000	8.76698083096430e-001 -3.28783445738186e-001
9.77237220955808e+000	8.71632988658963e-001 -3.34498014553760e-001
9.99999999999997e+000	8.66391535718800e-001 -3.40231160468319e-001
1.02329299228075e+001	8.60970201859158e-001 -3.45977619752721e-001
1.04712854805090e+001	8.55365613255003e-001 -3.51731830967707e-001
1.07151930523760e+001	8.49574565839398e-001 -3.57487933947701e-001
1.09647819614318e+001	8.43594047310099e-001 -3.63239770197407e-001
1.12201845430196e+001	8.37421259897931e-001 -3.68980884828595e-001
1.14815362149688e+001	8.31053643802873e-001 -3.74704530163221e-001
1.17489755493953e+001	8.24488901187531e-001 -3.80403671125961e-001
1.20226443461741e+001	8.17725020600875e-001 -3.86070992544342e-001
1.23026877081238e+001	8.10760301688051e-001 -3.91698908467654e-001
1.25892541179416e+001	8.03593380024910e-001 -3.97279573606611e-001
1.28824955169313e+001	7.96223251898924e-001 -4.02804896984169e-001
1.31825673855640e+001	7.88649298841712e-001 -4.08266557873883e-001
1.34896288259165e+001	7.80871311702739e-001 -4.13656024085692e-001
1.38038426460288e+001	7.72889514039347e-001 -4.18964572639941e-001
1.41253754462275e+001	7.64704584585387e-001 -4.24183312848912e-001
1.44543977074592e+001	7.56317678549848e-001 -4.29303211801190e-001
1.47910838816820e+001	7.47730447488371e-001 -4.34315122217971e-001
1.51356124843620e+001	7.38945057484812e-001 -4.39209812622145e-001
1.54881661891248e+001	7.29964205377435e-001 -4.43977999730983e-001
1.58489319246111e+001	7.20791132765348e-001 -4.48610382951838e-001
1.62181009735892e+001	7.11429637535583e-001 -4.53097680827845e-001
1.65958690743755e+001	7.01884082660250e-001 -4.57430669247733e-001
1.69824365246174e+001	6.92159402026509e-001 -4.61600221201003e-001
1.73780082874937e+001	6.82261103079946e-001 -4.65597347827585e-001
1.77827941003892e+001	6.72195266084333e-001 -4.69413240480225e-001
1.81970085860998e+001	6.61968539827593e-001 -4.73039313488971e-001
1.86208713666286e+001	6.51588133635041e-001 -4.76467247290981e-001
1.90546071796324e+001	6.41061805586233e-001 -4.79689031566026e-001
1.94984459975804e+001	6.30397846870777e-001 -4.82697007999289e-001
1.99526231496887e+001	6.19605062260591e-001 -4.85483912278914e-001
2.04173794466952e+001	6.08692746720943e-001 -4.88042914926809e-001
2.08929613085403e+001	5.97670658229218e-001 -4.90367660557944e-001
2.13796208950222e+001	5.86548986918183e-001 -4.92452305166131e-001
2.18776162394954e+001	5.75338320708526e-001 -4.94291551043328e-001
2.23872113856833e+001	5.64049607642788e-001 -4.95880678954933e-001
2.29086765276776e+001	5.52694115178571e-001 -4.97215577215304e-001
2.34422881531991e+001	5.41283386742085e-001 -4.98292767335733e-001
2.39883291901948e+001	5.29829195882836e-001 -4.99109425950846e-001
2.45470891568502e+001	5.18343498405641e-001 -4.99663402768546e-001
2.51188643150957e+001	5.06838382886438e-001 -4.99953234332471e-001
2.57039578276885e+001	4.95326020002823e-001 -4.99978153433713e-001
2.63026799189537e+001	4.83818611128352e-001 -4.99738094059463e-001
2.69153480392690e+001	4.72328336650913e-001 -4.99233691819267e-001
2.75422870333815e+001	4.60867304479786e-001 -4.98466279843805e-001
2.81838293126444e+001	4.49447499203034e-001 -4.97437880205330e-001
2.88403150312659e+001	4.38080732346921e-001 -4.96151190962298e-001
2.95120922666637e+001	4.26778594172199e-001 -4.94609568982041e-001
3.01995172040200e+001	4.15552407418776e-001 -4.92817008743850e-001
3.09029543251358e+001	4.04413183381074e-001 -4.90778117369407e-001
3.16227766016837e+001	3.93371580661882e-001 -4.88498086167648e-001
3.23593656929627e+001	3.82437866913534e-001 -4.85982659015895e-001
3.31131121482590e+001	3.71621883832630e-001 -4.83238097928254e-001
3.38844156139201e+001	3.60933015629175e-001 -4.80271146185157e-001
3.46736850452530e+001	3.50380161143912e-001 -4.77088989414635e-001
3.54813389233574e+001	3.39971709739615e-001 -4.73699215026094e-001
3.63078054770100e+001	3.29715521044272e-001 -4.70109770401314e-001
3.71535229097171e+001	3.19618908577082e-001 -4.66328920245224e-001
3.80189396320559e+001	3.09688627243048e-001 -4.62365203491098e-001
3.89045144994279e+001	2.99930864639191e-001 -4.58227390141596e-001
3.98107170553495e+001	2.90351236075791e-001 -4.53924438409138e-001
4.07380277804111e+001	2.80954783180055e-001 -4.49465452496967e-001
4.16869383470333e+001	2.71745975917586e-001 -4.44859641336663e-001
4.26579518801591e+001	2.62728717839339e-001 -4.40116278569466e-001
4.36515832240164e+001	2.53906354338506e-001 -4.35244664028217e-001
4.46683592150961e+001	2.45281683683098e-001 -4.30254086944776e-001
4.57088189614873e+001	2.36856970575799e-001 -4.25153791075011e-001
4.67735141287196e+001	2.28633961982897e-001 -4.19952941900518e-001
4.78630092322636e+001	2.20613904968466e-001 -4.14660596033709e-001
4.89778819368444e+001	2.12797566268318e-001 -4.09285672921248e-001
5.01187233627270e+001	2.05185253340142e-001 -4.03836928910524e-001
5.12861383991362e+001	1.97776836631423e-001 -3.98322933715209e-001
5.24807460249770e+001	1.90571772814728e-001 -3.92752049289344e-001
5.37031796370250e+001	1.83569128750439e-001 -3.87132411095020e-001
5.49540873857622e+001	1.76767605949528e-001 -3.81471911726671e-001
5.62341325190346e+001	1.70165565323126e-001 -3.75778186835515e-001
5.75439937337154e+001	1.63761052021084e-001 -3.70058603280659e-001
5.88843655355586e+001	1.57551820178078e-001 -3.64320249418904e-001
6.02559586074355e+001	1.51535357402654e-001 -3.58569927433275e-001
6.16595001861479e+001	1.45708908861823e-001 -3.52814147590654e-001
6.30957344480190e+001	1.40069500830866e-001 -3.47059124311490e-001
6.45654229034652e+001	1.34613963594922e-001 -3.41310773929255e-001
6.60693448007593e+001	1.29338953605266e-001 -3.35574714013974e-001
6.76082975391978e+001	1.24240974808937e-001 -3.29856264132519e-001
6.91830970918933e+001	1.19316399085311e-001 -3.24160447918350e-001
7.07945784384134e+001	1.14561485737235e-001 -3.18491996324731e-001
7.24435960074986e+001	1.09972399997442e-001 -3.12855351937992e-001
7.41310241300914e+001	1.05545230522953e-001 -3.07254674231019e-001
7.58577575029180e+001	1.01276005861166e-001 -3.01693845641530e-001
7.76247116628688e+001	9.71607098812400e-002 -2.96176478364865e-001
7.94328234724277e+001	9.31952961731750e-002 -2.90705921756625e-001
8.12830516164095e+001	8.93757014248335e-002 -2.85285270246560e-001
8.31763771102667e+001	8.56978577939052e-002 -2.79917371671429e-001
8.51138038202372e+001	8.21577042976697e-002 -2.74604835941042e-001
8.70963589956076e+001	7.87511972483354e-002 -2.69350043958209e-001
8.91250938133741e+001	7.54743197658226e-002 -2.64155156719889e-001
9.12010839355905e+001	7.23230904031603e-002 -2.59022124533208e-001
9.33254300796986e+001	6.92935709222541e-002 -2.53952696286329e-001
9.54992586021431e+001	6.63818732597168e-002 -2.48948428720182e-001
9.77237220955805e+001	6.35841657238001e-002 -2.44010695652892e-001
9.99999999999995e+001	6.08966784642882e-002 -2.39140697114283e-001
1.02329299228075e+002	5.83157082575743e-002 -2.34339468353054e-001
1.04712854805089e+002	5.58376226490965e-002 -2.29607888684151e-001
1.07151930523760e+002	5.34588634949118e-002 -2.24946690148453e-001
1.09647819614318e+002	5.11759499434969e-002 -2.20356465961128e-001
1.12201845430196e+002	4.89854808979148e-002 -2.15837678728981e-001
1.14815362149688e+002	4.68841369973363e-002 -2.11390668420702e-001
1.17489755493952e+002	4.48686821555813e-002 -2.07015660077209e-001
1.20226443461741e+002	4.29359646928932e-002 -2.02712771252291e-001
1.23026877081237e+002	4.10829180956029e-002 -1.98482019176430e-001
1.25892541179416e+002	3.93065614367142e-002 -1.94323327639108e-001
1.28824955169313e+002	3.76039994887683e-002 -1.90236533587051e-001
1.31825673855640e+002	3.59724225586458e-002 -1.86221393437779e-001
1.34896288259165e+002	3.44091060722606e-002 -1.82277589109491e-001
1.38038426460288e+002	3.29114099354058e-002 -1.78404733769790e-001
1.41253754462275e+002	3.14767776953377e-002 -1.74602377307000e-001
1.44543977074592e+002	3.01027355260502e-002 -1.70870011528936e-001
1.47910838816820e+002	2.87868910585971e-002 -1.67207075094858e-001
1.51356124843620e+002	2.75269320762819e-002 -1.63612958187149e-001
1.54881661891247e+002	2.63206250930469e-002 -1.60087006929851e-001
1.58489319246110e+002	2.51658138319768e-002 -1.56628527561716e-001
1.62181009735892e+002	2.40604176194714e-002 -1.53236790371790e-001
1.65958690743755e+002	2.30024297093549e-002 -1.49911033405888e-001
1.69824365246173e+002	2.19899155499667e-002 -1.46650465952455e-001
1.73780082874936e+002	2.10210110061252e-002 -1.43454271816511e-001
1.77827941003891e+002	2.00939205467722e-002 -1.40321612390366e-001
1.81970085860997e+002	1.92069154080858e-002 -1.37251629529825e-001
1.86208713666286e+002	1.83583317408981e-002 -1.34243448244558e-001
1.90546071796323e+002	1.75465687503645e-002 -1.31296179211176e-001
1.94984459975803e+002	1.67700868350042e-002 -1.28408921117462e-001
1.99526231496887e+002	1.60274057314647e-002 -1.25580762846002e-001
2.04173794466952e+002	1.53171026706502e-002 -1.22810785505292e-001
2.08929613085403e+002	1.46378105501978e-002 -1.20098064316184e-001
2.13796208950222e+002	1.39882161276808e-002 -1.17441670361274e-001
2.18776162394954e+002	1.33670582383593e-002 -1.14840672204631e-001
2.23872113856832e+002	1.27731260407914e-002 -1.12294137388990e-001
2.29086765276776e+002	1.22052572931465e-002 -1.09801133817254e-001
2.34422881531991e+002	1.16623366626405e-002 -1.07360731024932e-001
2.39883291901947e+002	1.11432940701189e-002 -1.04972001349816e-001
2.45470891568501e+002	1.06471030714662e-002 -1.02634021004985e-001
2.51188643150956e+002	1.01727792771959e-002 -1.00345871060913e-001
2.57039578276885e+002	9.71937881128871e-003 -9.81066383422212e-002
2.63026799189536e+002	9.28599681008537e-003 -9.59154162443580e-002
2.69153480392690e+002	8.87176596180639e-003 -9.37713054752109e-002
2.75422870333815e+002	8.47585508706214e-003 -9.16734147264367e-002
2.81838293126443e+002	8.09746776052871e-003 -8.96208612790343e-002
2.88403150312659e+002	7.73584097379936e-003 -8.76127715474602e-002
2.95120922666637e+002	7.39024383927396e-003 -8.56482815663574e-002
3.01995172040200e+002	7.05997633481879e-003 -8.37265374237499e-002
3.09029543251357e+002	6.74436808881542e-003 -8.18466956443447e-002
3.16227766016836e+002	6.44277720511826e-003 -8.00079235263825e-002
3.23593656929626e+002	6.15458912735386e-003 -7.82093994352809e-002
3.31131121482589e+002	5.87921554192196e-003 -7.64503130571326e-002
3.38844156139200e+002	5.61609331899453e-003 -7.47298656149392e-002
3.46736850452529e+002	5.36468349075681e-003 -7.30472700502956e-002
3.54813389233573e+002	5.12447026608983e-003 -7.14017511730755e-002
3.63078054770099e+002	4.89496008085836e-003 -6.97925457815171e-002
3.71535229097170e+002	4.67568068293957e-003 -6.82189027549605e-002
3.80189396320558e+002	4.46618025110554e-003 -6.66800831213502e-002
3.89045144994278e+002	4.26602654685666e-003 -6.51753601014845e-002
3.98107170553494e+002	4.07480609829213e-003 -6.37040191318684e-002
4.07380277804110e+002	3.89212341509723e-003 -6.22653578679099e-002
4.16869383470332e+002	3.71760023372510e-003 -6.08586861690861e-002
4.26579518801589e+002	3.55087479185200e-003 -5.94833260676014e-002
4.36515832240163e+002	3.39160113118997e-003 -5.81386117219605e-002
4.46683592150960e+002	3.23944842774794e-003 -5.68238893567829e-002
4.57088189614872e+002	3.09410034864265e-003 -5.55385171901013e-002
4.67735141287195e+002	2.95525443457234e-003 -5.42818653492977e-002
4.78630092322635e+002	2.82262150708041e-003 -5.30533157767559e-002
4.89778819368443e+002	2.69592509975124e-003 -5.18522621262348e-002
5.01187233627268e+002	2.57490091249742e-003 -5.06781096508960e-002
5.12861383991361e+002	2.45929628811500e-003 -4.95302750838542e-002
5.24807460249769e+002	2.34886971030240e-003 -4.84081865120604e-002
5.37031796370249e+002	2.24339032235751e-003 -4.73112832442649e-002
5.49540873857620e+002	2.14263746578794e-003 -4.62390156737591e-002
5.62341325190345e+002	2.04640023808918e-003 -4.51908451365398e-002
5.75439937337152e+002	1.95447706896619e-003 -4.41662437654945e-002
5.88843655355584e+002	1.86667531429495e-003 -4.31646943411622e-002
6.02559586074353e+002	1.78281086714072e-003 -4.21856901395808e-002
6.16595001861477e+002	1.70270778517118e-003 -4.12287347776948e-002
6.30957344480188e+002	1.62619793382302e-003 -4.02933420567598e-002
6.45654229034650e+002	1.55312064460095e-003 -3.93790358041467e-002
6.60693448007591e+002	1.48332238790896e-003 -3.84853497139169e-002
6.76082975391976e+002	1.41665645983302e-003 -3.76118271865092e-002
6.91830970918931e+002	1.35298268231493e-003 -3.67580211678524e-002
7.07945784384132e+002	1.29216711617575e-003 -3.59234939881914e-002
7.24435960074984e+002	1.23408178646681e-003 -3.51078172008902e-002
7.41310241300911e+002	1.17860441964463e-003 -3.43105714214529e-002
7.58577575029177e+002	1.12561819208446e-003 -3.35313461669839e-002
7.76247116628685e+002	1.07501148946483e-003 -3.27697396962861e-002
7.94328234724275e+002	1.02667767657293e-003 -3.20253588507820e-002
8.12830516164092e+002	9.80514877097428e-004 -3.12978188964218e-002
8.31763771102664e+002	9.36425762991761e-004 -3.05867433667294e-002
8.51138038202369e+002	8.94317353006956e-004 -2.98917639071211e-002
8.70963589956073e+002	8.54100820008336e-004 -2.92125201206195e-002
8.91250938133738e+002	8.15691306705607e-004 -2.85486594150719e-002
9.12010839355902e+002	7.79007749440263e-004 -2.78998368519706e-002
9.33254300796983e+002	7.43972709688325e-004 -2.72657149969621e-002
9.54992586021428e+002	7.10512212950005e-004 -2.66459637721223e-002
9.77237220955802e+002	6.78555594711056e-004 -2.60402603100649e-002
9.99999999999991e+002	6.48035353173209e-004 -2.54482888099425e-002
1.02329299228075e+003	6.18887008463403e-004 -2.48697403953913e-002
1.04712854805089e+003	5.91048968043259e-004 -2.43043129744627e-002
1.07151930523760e+003	5.64462398051725e-004 -2.37517111015798e-002
1.09647819614318e+003	5.39071100324714e-004 -2.32116458415492e-002
1.12201845430195e+003	5.14821394846197e-004 -2.26838346356520e-002
1.14815362149687e+003	4.91662007395365e-004 -2.21680011698360e-002
1.17489755493952e+003	4.69543962164273e-004 -2.16638752450218e-002
1.20226443461740e+003	4.48420479129828e-004 -2.11711926495350e-002
1.23026877081237e+003	4.28246875973026e-004 -2.06896950336694e-002
1.25892541179416e+003	4.08980474347071e-004 -2.02191297863848e-002
1.28824955169312e+003	3.90580510304397e-004 -1.97592499141381e-002
1.31825673855640e+003	3.73008048700639e-004 -1.93098139218441e-002
1.34896288259164e+003	3.56225901401343e-004 -1.88705856959585e-002
1.38038426460287e+003	3.40198549124635e-004 -1.84413343896750e-002
1.41253754462274e+003	3.24892066760164e-004 -1.80218343102227e-002
1.44543977074591e+003	3.10274052011520e-004 -1.76118648082526e-002
1.47910838816819e+003	2.96313557215823e-004 -1.72112101692947e-002
1.51356124843619e+003	2.82981024200546e-004 -1.68196595072697e-002
1.54881661891247e+003	2.70248222043598e-004 -1.64370066600364e-002
1.58489319246110e+003	2.58088187608543e-004 -1.60630500869530e-002
1.62181009735891e+003	2.46475168732320e-004 -1.56975927684317e-002
1.65958690743754e+003	2.35384569948202e-004 -1.53404421074633e-002
1.69824365246173e+003	2.24792900631782e-004 -1.49914098330880e-002
1.73780082874936e+003	2.14677725462677e-004 -1.46503119057878e-002
1.77827941003891e+003	2.05017617099318e-004 -1.43169684247748e-002
1.81970085860997e+003	1.95792110968676e-004 -1.39912035371500e-002
1.86208713666285e+003	1.86981662077039e-004 -1.36728453489055e-002
1.90546071796323e+003	1.78567603752112e-004 -1.33617258377428e-002
1.94984459975803e+003	1.70532108230594e-004 -1.30576807676806e-002
1.99526231496886e+003	1.62858149009185e-004 -1.27605496054240e-002
2.04173794466951e+003	1.55529464880571e-004 -1.24701754384662e-002
2.08929613085402e+003	1.48530525579388e-004 -1.21864048948966e-002
2.13796208950221e+003	1.41846498966461e-004 -1.19090880648853e-002
2.18776162394953e+003	1.35463219682783e-004 -1.16380784238162e-002
2.23872113856832e+003	1.29367159207713e-004 -1.13732327570410e-002
2.29086765276775e+003	1.23545397258784e-004 -1.11144110862250e-002
2.34422881531990e+003	1.17985594473254e-004 -1.08614765972565e-002
2.39883291901947e+003	1.12675966314191e-004 -1.06142955696931e-002
2.45470891568501e+003	1.07605258146434e-004 -1.03727373077146e-002
2.51188643150955e+003	1.02762721430162e-004 -1.01366740725569e-002
2.57039578276884e+003	9.81380909821393e-005 -9.90598101639801e-003
2.63026799189535e+003	9.37215632569200e-005 -9.68053611766934e-003
2.69153480392689e+003	8.95037756024087e-005 -9.46022011776479e-003
2.75422870333814e+003	8.54757864461990e-005 -9.24491645912122e-003
2.81838293126442e+003	8.16290563710517e-005 -9.03451122464341e-003
2.88403150312658e+003	7.79554300397273e-005 -8.82889307844730e-003
2.95120922666635e+003	7.44471189311525e-005 -8.62795320789556e-003
3.01995172040198e+003	7.10966848515994e-005 -8.43158526689984e-003
3.09029543251356e+003	6.78970241861690e-005 -8.23968532046435e-003
3.16227766016835e+003	6.48413528574205e-005 -8.05215179044584e-003
3.23593656929625e+003	6.19231919594642e-005 -7.86888540250535e-003
3.31131121482588e+003	5.91363540372510e-005 -7.68978913422742e-003
3.38844156139199e+003	5.64749299821395e-005 -7.51476816438292e-003
3.46736850452528e+003	5.39332765161157e-005 -7.34372982331185e-003
3.54813389233572e+003	5.15060042382703e-005 -7.17658354440312e-003
3.63078054770097e+003	4.91879662083218e-005 -7.01324081664833e-003
3.71535229097168e+003	4.69742470430961e-005 -6.85361513824718e-003
3.80189396320557e+003	4.48601525029543e-005 -6.69762197124261e-003
3.89045144994276e+003	4.28411995461845e-005 -6.54517869716373e-003
3.98107170553493e+003	4.09131068303619e-005 -6.39620457365549e-003
4.07380277804108e+003	3.90717856406165e-005 -6.25062069207397e-003
4.16869383470331e+003	3.73133312256480e-005 -6.10834993602698e-003
4.26579518801588e+003	3.56340145231841e-005 -5.96931694083947e-003
4.36515832240161e+003	3.40302742573994e-005 -5.83344805392431e-003
4.46683592150958e+003	3.24987093915917e-005 -5.70067129603870e-003
4.57088189614870e+003	3.10360719201659e-005 -5.57091632340728e-003
4.67735141287193e+003	2.96392599846858e-005 -5.44411439069325e-003
4.78630092322633e+003	2.83053112994383e-005 -5.32019831479904e-003
4.89778819368441e+003	2.70313968726097e-005 -5.19910243947864e-003
5.01187233627267e+003	2.58148150097918e-005 -5.08076260074389e-003
5.12861383991359e+003	2.46529855871362e-005 -4.96511609304735e-003
5.24807460249767e+003	2.35434445820406e-005 -4.85210163622505e-003
5.37031796370247e+003	2.24838388497955e-005 -4.74165934318209e-003
5.49540873857618e+003	2.14719211351393e-005 -4.63373068830528e-003
5.62341325190343e+003	2.05055453081647e-005 -4.52825847658637e-003
5.75439937337150e+003	1.95826618144932e-005 -4.42518681344070e-003
5.88843655355582e+003	1.87013133300885e-005 -4.32446107520558e-003
6.02559586074351e+003	1.78596306115093e-005 -4.22602788030364e-003
6.16595001861475e+003	1.70558285328171e-005 -4.12983506105633e-003
6.30957344480186e+003	1.62882023007482e-005 -4.03583163613325e-003
6.45654229034648e+003	1.55551238401355e-005 -3.94396778362321e-003
6.60693448007588e+003	1.48550383419261e-005 -3.85419481471317e-003
6.76082975391974e+003	1.41864609664850e-005 -3.76646514796171e-003
6.91830970918928e+003	1.35479736952016e-005 -3.68073228415357e-003
7.07945784384129e+003	1.29382223237318e-005 -3.59695078172261e-003
7.24435960074981e+003	1.23559135905062e-005 -3.51507623273032e-003
7.41310241300908e+003	1.17998124344217e-005 -3.43506523938749e-003
7.58577575029174e+003	1.12687393759076e-005 -3.35687539110711e-003
7.76247116628682e+003	1.07615680158174e-005 -3.28046524207638e-003
7.94328234724272e+003	1.02772226468474e-005 -3.20579428933643e-003
8.12830516164089e+003	9.81467597242115e-006 -3.13282295135820e-003
8.31763771102661e+003	9.37294692820662e-006 -3.06151254710356e-003
8.51138038202366e+003	8.95109860164948e-006 -2.99182527556061e-003
8.70963589956070e+003	8.54823624511413e-006 -2.92372419574269e-003
8.91250938133734e+003	8.16350537842186e-006 -2.85717320714055e-003
9.12010839355898e+003	7.79608997676485e-006 -2.79213703061757e-003
9.33254300796979e+003	7.44521074015577e-006 -2.72858118973814e-003
9.54992586021424e+003	7.11012344074494e-006 -2.66647199251925e-003
9.77237220955798e+003	6.79011734450234e-006 -2.60577651359605e-003
9.99999999999987e+003	6.48451370391914e-006 -2.54646257679181e-003
1.02329299228074e+004	6.19266431853365e-006 -2.48849873808332e-003
1.04712854805089e+004	5.91395016023051e-006 -2.43185426895281e-003
1.07151930523759e+004	5.64778006039909e-006 -2.37649914011756e-003
1.09647819614317e+004	5.39358945616799e-006 -2.32240400562882e-003
1.12201845430195e+004	5.15083919305783e-006 -2.26954018733166e-003
1.14815362149687e+004	4.91901438151405e-006 -2.21787965967759e-003
1.17489755493951e+004	4.69762330489551e-006 -2.16739503488192e-003
1.20226443461740e+004	4.48619637660370e-006 -2.11805954841826e-003
1.23026877081237e+004	4.28428514414176e-006 -2.06984704484234e-003
1.25892541179415e+004	4.09146133799154e-006 -2.02273196393780e-003
1.28824955169312e+004	3.90731596329224e-006 -1.97668932717668e-003
1.31825673855639e+004	3.73145843239481e-006 -1.93169472448748e-003
1.34896288259164e+004	3.56351573645279e-006 -1.88772430132379e-003
1.38038426460287e+004	3.40313165429313e-006 -1.84475474602671e-003
1.41253754462274e+004	3.24996599688960e-006 -1.80276327747451e-003
1.44543977074591e+004	3.10369388583660e-006 -1.76172763301280e-003
1.47910838816819e+004	2.96400506429362e-006 -1.72162605665911e-003
1.51356124843619e+004	2.83060323893910e-006 -1.68243728757550e-003
1.54881661891246e+004	2.70320545153843e-006 -1.64414054880315e-003
1.58489319246109e+004	2.58154147879333e-006 -1.60671553625305e-003
1.62181009735891e+004	2.46535325920016e-006 -1.57014240794696e-003
1.65958690743754e+004	2.35439434570159e-006 -1.53440177350290e-003
1.69824365246172e+004	2.24842938297108e-006 -1.49947468385978e-003
1.73780082874935e+004	2.14723360822157e-006 -1.46534262123552e-003
1.77827941003890e+004	2.05059237447984e-006 -1.43198748931363e-003
1.81970085860996e+004	1.95830069531555e-006 -1.39939160365279e-003
1.86208713666284e+004	1.87016281005948e-006 -1.36753768231466e-003
1.90546071796322e+004	1.78599176858887e-006 -1.33640883670465e-003
1.94984459975802e+004	1.70560903479943e-006 -1.30598856262115e-003
1.99526231496885e+004	1.62884410792294e-006 -1.27626073150819e-003
2.04173794466950e+004	1.55553416088741e-006 -1.24720958190710e-003
2.08929613085401e+004	1.48552369495291e-006 -1.21881971110262e-003
2.13796208950220e+004	1.41866420989050e-006 -1.19107606695893e-003
2.18776162394952e+004	1.35481388900480e-006 -1.16396393994149e-003
2.23872113856831e+004	1.29383729833234e-006 -1.13746895532027e-003
2.29086765276774e+004	1.23560509937748e-006 -1.11157706555035e-003
2.34422881531989e+004	1.17999377477687e-006 -1.08627454282587e-003
2.39883291901946e+004	1.12688536631052e-006 -1.06154797180339e-003
2.45470891568500e+004	1.07616722470385e-006 -1.03738424249068e-003
2.51188643150954e+004	1.02773177069015e-006 -1.01377054329743e-003
2.57039578276883e+004	9.81476266826500e-007 -9.90694354243950e-004
2.63026799189534e+004	9.37302599579436e-007 -9.68143440324455e-004
2.69153480392688e+004	8.95117071218001e-007 -9.46105845021280e-004
2.75422870333813e+004	8.54830201072875e-007 -9.24569883966703e-004
2.81838293126441e+004	8.16356535740063e-007 -9.03524138748971e-004
2.88403150312656e+004	7.79614467826573e-007 -8.82957450859244e-004
2.95120922666634e+004	7.44526062853676e-007 -8.62858915776280e-004
3.01995172040197e+004	7.11016893950593e-007 -8.43217877185706e-004
3.09029543251354e+004	6.79015883988015e-007 -8.24023921330834e-004
3.16227766016833e+004	6.48455154816621e-007 -8.05266871492012e-004
3.23593656929623e+004	6.19269883290826e-007 -7.86936782591612e-004
3.31131121482586e+004	5.91398163772393e-007 -7.69023935921766e-004
3.38844156139197e+004	5.64780876822269e-007 -7.51518833992090e-004
3.46736850452526e+004	5.39361563802161e-007 -7.34412195494645e-004
3.54813389233570e+004	5.15086307119850e-007 -7.17694950383480e-004
3.63078054770096e+004	4.91903615864272e-007 -7.01358235066150e-004
3.71535229097167e+004	4.69764316587774e-007 -6.85393387704653e-004
3.80189396320555e+004	4.48621449003899e-007 -6.69791943623312e-004
3.89045144994275e+004	4.28430166379476e-007 -6.54545630821158e-004
3.98107170553491e+004	4.09147640409733e-007 -6.39646365586440e-004
4.07380277804107e+004	3.90732970374681e-007 -6.25086248210938e-004
4.16869383470329e+004	3.73147096384074e-007 -6.10857558801819e-004
4.26579518801586e+004	3.56352716526942e-007 -5.96952753188796e-004
4.36515832240159e+004	3.40314207749962e-007 -5.83364458924438e-004
4.46683592150956e+004	3.24997550296850e-007 -5.70085471375514e-004
4.57088189614868e+004	3.10370255548499e-007 -5.57108749903288e-004
4.67735141287191e+004	2.96401297110814e-007 -5.44427414130741e-004
4.78630092322631e+004	2.83061045004071e-007 -5.32034740294763e-004
4.89778819368439e+004	2.70321202814218e-007 -5.19924157681354e-004
5.01187233627264e+004	2.58154747672804e-007 -5.08089245141964e-004
5.12861383991357e+004	2.46535872938233e-007 -4.96523727689117e-004
5.24807460249764e+004	2.35439933456763e-007 -4.85221473169522e-004
5.37031796370244e+004	2.24843393287152e-007 -4.74176489012899e-004
5.49540873857616e+004	2.14723775778055e-007 -4.63382919054808e-004
5.62341325190340e+004	2.05059615892301e-007 -4.52835040431783e-004
5.75439937337148e+004	1.95830414676909e-007 -4.42527260547142e-004
5.88843655355580e+004	1.87016595782282e-007 -4.32454114105850e-004
6.02559586074348e+004	1.78599463938343e-007 -4.22610260216875e-004
6.16595001861472e+004	1.70561165299542e-007 -4.12990479561492e-004
6.30957344480183e+004	1.62884649574626e-007 -4.03589671626043e-004
6.45654229034645e+004	1.55553633860834e-007 -3.94402851997676e-004
6.60693448007586e+004	1.48552568105816e-007 -3.85425149721642e-004
6.76082975391971e+004	1.41866602124014e-007 -3.76651804718736e-004
6.91830970918925e+004	1.35481554097543e-007 -3.68078165261526e-004
7.07945784384127e+004	1.29383880494756e-007 -3.59699685508019e-004
7.24435960074979e+004	1.23560647342698e-007 -3.51511923091471e-004
7.41310241300906e+004	1.17999502792498e-007 -3.43510536765054e-004
7.58577575029172e+004	1.12688650919524e-007 -3.35691284100127e-004
7.76247116628679e+004	1.07616826702717e-007 -3.28050019236908e-004
7.94328234724269e+004	1.02773272130037e-007 -3.20582690686336e-004
8.12830516164086e+004	9.81477133793365e-008 -3.13285339181971e-004
8.31763771102658e+004	9.37303390262652e-008 -3.06154095580785e-004
8.51138038202363e+004	8.95117792329698e-008 -2.99185178811737e-004
8.70963589956067e+004	8.54830858734589e-008 -2.92374893871038e-004
8.91250938133731e+004	8.16357135534700e-008 -2.85719629863053e-004
9.12010839355895e+004	7.79615014845806e-008 -2.79215858085792e-004
9.33254300796976e+004	7.44526561741166e-008 -2.72860130159975e-004
9.54992586021420e+004	7.11017348941407e-008 -2.66649076200695e-004
9.77237220955795e+004	6.79016298944584e-008 -2.60579403030683e-004
1.00000000000000e+005	6.48455533261501e-008 -2.54647892434248e-004
